-0.013786518096923828,0.018214429855346676,-0.01080000019073486
-0.013786732673645018,0.018214429855346676,-0.009999999999999998
-0.013786732673645018,0.018214429855346676,-0.009199999809265134
-0.013786732673645018,0.018214429855346676,-0.00840000057220459
-0.013786732673645018,0.018214429855346676,-0.007599999904632567
-0.013786732673645018,0.018214429855346676,-0.006800000190734862
-0.013199999809265138,0.018014429092407226,-0.01080000019073486
-0.01372420310974121,0.01827628707885742,-0.011351877212524411
-0.013199999809265138,0.01820721435546875,-0.011437774658203118
-0.013199999809265138,0.018014429092407226,-0.009999999999999998
-0.013199999809265138,0.018014429092407226,-0.009199999809265134
-0.013199999809265138,0.018014429092407226,-0.00840000057220459
-0.013199999809265138,0.018014429092407226,-0.007599999904632567
-0.013199999809265138,0.018014429092407226,-0.006800000190734862
-0.013786732673645018,0.018214429855346676,-0.005999999999999999
-0.013786732673645018,0.018214429855346676,-0.005200000286102295
-0.013786732673645018,0.018214429855346676,-0.004400000095367432
-0.013786732673645018,0.018214429855346676,-0.0036000001430511472
-0.013786732673645018,0.018214429855346676,-0.0027999999523162836
-0.013786732673645018,0.018214429855346676,-0.0019999999999999996
-0.013786732673645018,0.018214429855346676,-0.0012000000476837158
-0.013786732673645018,0.018214429855346676,-0.00040000000596046445
-0.013199999809265138,0.018014429092407226,-0.005999999999999999
-0.013199999809265138,0.018014429092407226,-0.005200000286102295
-0.013199999809265138,0.018014429092407226,-0.004400000095367432
-0.013199999809265138,0.018014429092407226,-0.0036000001430511472
-0.013199999809265138,0.018014429092407226,-0.0027999999523162836
-0.013199999809265138,0.018014429092407226,-0.0019999999999999996
-0.013199999809265138,0.018014429092407226,-0.0012000000476837158
-0.013199999809265138,0.018014429092407226,-0.00040000000596046445
-0.01240000057220459,0.018000000000000002,-0.01080000019073486
-0.01240000057220459,0.018200000762939445,-0.011447734832763668
-0.012415134988946279,0.017989576398169248,-0.0100128799799035
-0.012423535652891829,0.017976889788623815,-0.009218341643247936
-0.01242515892021684,0.01797395932694657,-0.00841376272818927
-0.012432242258872515,0.017964865189224813,-0.007617872370005583
-0.012457944359857616,0.01793833934960475,-0.006823292079579316
-0.011600000381469728,0.018200000762939445,-0.011447734832763668
-0.011600000381469728,0.018000000000000002,-0.01080000019073486
-0.011623907727815625,0.0179782243932474,-0.01002464548455275
-0.011641944380894866,0.017959513091358934,-0.009241480196148686
-0.011661716268636518,0.017929582093644206,-0.008453869582126674
-0.011666548772329179,0.017905566533466182,-0.007654929243332229
-0.011696150682321299,0.017870893196904557,-0.006857639880147148
-0.01080000019073486,0.018200000762939445,-0.011447734832763668
-0.01080000019073486,0.018000000000000002,-0.01080000019073486
-0.010827861731753525,0.017965254349224996,-0.010032168130192486
-0.010857037502664887,0.01792537735074174,-0.009258743908427715
-0.010875470276075421,0.01788210085498295,-0.008471408184755844
-0.010890080247055465,0.017832906116518967,-0.007676963959414485
-0.010921235067159012,0.01778682300072491,-0.0068767637637366045
-0.009999999999999998,0.018200000762939445,-0.011447734832763668
-0.009999999999999998,0.018000000000000002,-0.01080000019073486
-0.01003110043189559,0.017943875135397577,-0.010047112911564161
-0.010057771133213295,0.017888094256946728,-0.009277195135713158
-0.010085872287218267,0.017827697727790835,-0.008495607271305217
-0.010109244010054336,0.017767248952952102,-0.007703870391493747
-0.010139496509523083,0.017709734939305246,-0.0069065960519636045
-0.009199999809265134,0.018200000762939445,-0.011447734832763668
-0.009199999809265134,0.018000000000000002,-0.01080000019073486
-0.00923826604475166,0.017936418451897675,-0.010066021588923278
-0.009262253416502449,0.01786030372280157,-0.009291740216843003
-0.009291567350435192,0.017783394990250508,-0.008512971975708924
-0.00931894134955688,0.017704774158812758,-0.007726048946601299
-0.009348506462323441,0.017626913547632923,-0.00693527879957842
-0.00840000057220459,0.018200000762939445,-0.011447734832763668
-0.00840000057220459,0.018000000000000002,-0.01080000019073486
-0.008438074055118379,0.01791734048906315,-0.010062151498682125
-0.008462685879759816,0.017825281893701306,-0.009312422276040039
-0.00849817808112883,0.01773387783543221,-0.008539592135919
-0.008526121239514076,0.01764199834690398,-0.007755287959231259
-0.008548217147931258,0.01754930295293953,-0.006963148568409125
-0.007599999904632567,0.018200000762939445,-0.011447734832763668
-0.007599999904632567,0.018000000000000002,-0.01080000019073486
-0.007639190717327865,0.01790081623861679,-0.01007538709492725
-0.007657775646433221,0.01779098193849915,-0.00931802355769914
-0.007698914826859841,0.017682331347157253,-0.00856468583452207
-0.007722027694161331,0.01757694211882823,-0.0077844477316523
-0.007752946228105785,0.01747647254241511,-0.006992444628120795
-0.006800000190734862,0.018200000762939445,-0.011447734832763668
-0.006800000190734862,0.018000000000000002,-0.01080000019073486
-0.00683690743069419,0.017873069286391305,-0.010101940724930036
-0.006857351503454298,0.01776428590577622,-0.009352472881546336
-0.006895761632078279,0.01763831457292687,-0.00858862416699533
-0.0069206678080916085,0.01752078457552217,-0.007808116938396265
-0.006951831150734727,0.017405813451962317,-0.007020885343929196
-0.012469630173302944,0.017922389814923473,-0.0060239680761414015
-0.012462172035864593,0.01793375116830876,-0.005218171279283868
-0.012475296663350285,0.01791501824230223,-0.004420986548549288
-0.012465864614374812,0.017906837493895184,-0.003617924820840367
-0.012464264406324723,0.017904779281332668,-0.002805303398136606
-0.012500359235247494,0.017869174512129576,-0.002004051095380129
-0.012474976873491861,0.017899832776992957,-0.0011990522473117465
-0.012491181524868044,0.017898674142369255,-0.00040408560147852214
-0.011717831477906306,0.01783886970956832,-0.00605669761555944
-0.011717224260500484,0.017814325108516528,-0.005254798713631595
-0.011735478335890349,0.017791761759033423,-0.0044470036326722555
-0.011754471113002776,0.017777593455368283,-0.0036452901729213207
-0.011754973695239453,0.017765047010279623,-0.0028372825708409496
-0.011778375434308961,0.017748008793959703,-0.0020296045997354535
-0.011754586809862412,0.01773659232000148,-0.001217947060042587
-0.01176211819020605,0.017734361146688717,-0.00040261587138242384
-0.010941144891837314,0.017745790838883658,-0.006080862550970276
-0.010947640807206003,0.017709976734738404,-0.0052754605396049085
-0.010970367938144245,0.017674677996232784,-0.004468705411059055
-0.01098849309565711,0.017643505093212778,-0.003659258231638099
-0.010998638836328034,0.017620577591413573,-0.002851897224507992
-0.011014356756263343,0.01760121792040957,-0.002037031769573318
-0.011021594189545623,0.017587059976822007,-0.0012221752799297882
-0.011018548821023069,0.01758342085977932,-0.00040528657316313277
-0.010156177711409229,0.017652240850253895,-0.006105836819513423
-0.010179377260150663,0.017599435946492843,-0.005299389875926233
-0.010199133169043422,0.017553917542412863,-0.0044907952207480124
-0.010211424978461938,0.017513276246314602,-0.0036824079408346653
-0.010232260402501026,0.017481767621108393,-0.0028623751889767673
-0.010245447048551123,0.017457097367368262,-0.0020511518832401414
-0.01025757974244224,0.017440257614720896,-0.001235018532646278
-0.010264706568507257,0.01743299807898855,-0.0004133763492769962
-0.009372998198132663,0.01755720417062304,-0.006135432896315767
-0.00939642744597743,0.017491599940510444,-0.005329085848340416
-0.009418592243188768,0.017432885684982507,-0.004515001995582723
-0.009438666709854247,0.017389811582572617,-0.0037046627313496545
-0.009458813492311367,0.0173462524006163,-0.0028869614086362116
-0.009468205629290462,0.017310904307290473,-0.002066959875403749
-0.00948063329070747,0.017290017702595657,-0.0012462232368437305
-0.009491078970950244,0.01727988217603376,-0.00041953059690382925
-0.008580285413082724,0.01746377614886322,-0.00616316506415328
-0.008605365310196471,0.017390719375014456,-0.005356059206175875
-0.008631317968694058,0.017321064360947207,-0.004542160672367685
-0.008654723582874278,0.017262053807869125,-0.0037256083297602218
-0.008673239982854504,0.017206840074457594,-0.0029075265800229916
-0.008686563361439097,0.01716662598778125,-0.002080555684433302
-0.00869985648599519,0.01714158047909104,-0.0012539349130377662
-0.0087064168544832,0.017125447094848013,-0.00042485250228633094
-0.007784731492635697,0.01737917919121408,-0.00619264604397524
-0.007810779019822635,0.01728837943085388,-0.0053841615071956875
-0.007838438908455153,0.017204930871468693,-0.004571162189286781
-0.007862648607436329,0.01713674338786058,-0.003751349432761199
-0.007879115076638852,0.01707246493006307,-0.002929770534127054
-0.007895504142162172,0.017026675615017743,-0.002100759943350997
-0.007909136769729177,0.016994888131185187,-0.0012687583831062013
-0.007916838726368862,0.016974895498948463,-0.00043158191341286764
-0.0069817948326164675,0.01729534192636759,-0.006221306337475184
-0.007010820882431519,0.017192501251287413,-0.0054129982580057925
-0.00703802542756357,0.017095967711798467,-0.004598439135997205
-0.007063705848121729,0.01701680434862117,-0.003776825919716551
-0.007081732143606724,0.01694368826240601,-0.0029500850638151757
-0.007099008147311249,0.016890999950731792,-0.0021184512902458433
-0.007112551209602563,0.01684904682975079,-0.0012818334080490353
-0.0071214334394282,0.016829460178994584,-0.00043574224318671987
-0.005999999999999999,0.018200000762939445,-0.011447734832763668
-0.005999999999999999,0.018000000000000002,-0.01080000019073486
-0.006037084839050874,0.017867562238191442,-0.010115672634046308
-0.006052305822552885,0.01773354497742966,-0.009365486729112499
-0.006085885028224269,0.01760064797908824,-0.008612200998071364
-0.006115482762993169,0.01746699217344903,-0.007838405152331774
-0.006145951970324494,0.0173361331354628,-0.007046199408061575
-0.005200000286102295,0.018200000762939445,-0.011447734832763668
-0.005200000286102295,0.018000000000000002,-0.01080000019073486
-0.005233476461916521,0.017860751590577584,-0.010120291369683784
-0.005255005486815176,0.01771437008470077,-0.009379655150348052
-0.005281137793652778,0.01756735304661354,-0.008623724833387431
-0.0053071150317970245,0.017418824897368932,-0.007853531576265534
-0.005336614465317356,0.017274238623835356,-0.007068268355684481
-0.004400000095367432,0.018200000762939445,-0.011447734832763668
-0.004400000095367432,0.018000000000000002,-0.01080000019073486
-0.004431595949500802,0.01784598493546795,-0.010148849552147761
-0.004447126575193194,0.017687721049696896,-0.009406816601734981
-0.004475038207635326,0.017526578280044426,-0.008643730029186527
-0.004496973157913444,0.017371107526040853,-0.007867087002918308
-0.004521656573080956,0.017215844309363435,-0.007086138688983661
-0.0036000001430511472,0.018200000762939445,-0.011447734832763668
-0.0036000001430511472,0.018000000000000002,-0.01080000019073486
-0.0036242619439156355,0.017855376987938584,-0.010129686641287368
-0.003642758151156308,0.01767252761927708,-0.009401440943217631
-0.003662137365904919,0.017500606024670778,-0.008664558697287586
-0.0036832985204640163,0.017335015243128044,-0.00789546308960014
-0.0037061054919885358,0.017166674251503044,-0.007110714853451572
-0.0027999999523162836,0.018200000762939445,-0.011447734832763668
-0.0027999999523162836,0.018000000000000002,-0.01080000019073486
-0.0028233084964041557,0.017856138105896584,-0.010151838327258182
-0.002831609977286482,0.017657956027121627,-0.00942374128754219
-0.0028473638517804716,0.01748031154429046,-0.008681825633325046
-0.0028663447502941695,0.01730070131979679,-0.007910921726341202
-0.0028850784630257394,0.017128826847845564,-0.007132732207720576
-0.0019999999999999996,0.018200000762939445,-0.011447734832763668
-0.0019999999999999996,0.018000000000000002,-0.01080000019073486
-0.002017833543511418,0.01784623262345854,-0.010131966377843029
-0.002023473998819095,0.017648265063578007,-0.00943296151146307
-0.0020322457114744963,0.01746615568675836,-0.008683667487909738
-0.0020482846125793493,0.017278953137312945,-0.007923932804988303
-0.002062730583286282,0.017095393804515097,-0.007143592600335745
-0.0012000000476837158,0.018200000762939445,-0.011447734832763668
-0.0012000000476837158,0.018000000000000002,-0.01080000019073486
-0.0012130602634621694,0.017833593771041982,-0.010143316796300629
-0.0012114478824329282,0.017645217857017798,-0.009436026103495445
-0.001221365720316574,0.01745758140927008,-0.008689567219876024
-0.0012312397950654183,0.017260907024544702,-0.007928191406830407
-0.0012372242960336057,0.017075947371841576,-0.007156552006307516
-0.0004000000059604645,0.018200000762939445,-0.011447734832763668
-0.0004000000059604645,0.018000000000000002,-0.01080000019073486
-0.00039892784168457315,0.017822955129913876,-0.01014307360310108
-0.00039929987416782356,0.01764405995421664,-0.009444254181617161
-0.00040731582636759745,0.01744820425460055,-0.008697537987630146
-0.000406838077808183,0.01725418058299474,-0.007929647347210744
-0.0004113681759452383,0.017062121019449667,-0.0071572253761303176
-0.006175366391807873,0.01721361057930019,-0.006247970657953456
-0.006205024757861953,0.017096341762982237,-0.00543949294687271
-0.0062324025040643525,0.016986288716724335,-0.00462333107155638
-0.006257032737446195,0.016894770971594468,-0.003800341657483877
-0.006276491076392556,0.01681838366448727,-0.0029719736762322587
-0.0062972239443904714,0.016756680723371213,-0.002134814040901136
-0.00631108538869735,0.016711726365844948,-0.0012914585335853067
-0.006319297035738369,0.01668742240513925,-0.0004468283698028605
-0.0053635887856290495,0.017136845817815893,-0.006272831172401334
-0.00539254436351588,0.01701050299407301,-0.005464328060108107
-0.0054190378880859405,0.016894037667144604,-0.004646897411297837
-0.005446593832759565,0.016789948098380775,-0.0038199238967326654
-0.005467620121174261,0.016697181983077614,-0.0029906190511347587
-0.0054889085663332475,0.016623993783090388,-0.0021506997183254623
-0.0055027287732392375,0.016572585907966376,-0.0013042740641048248
-0.005511882794945133,0.016550373478486688,-0.0004525673899150481
-0.004548721854804458,0.017071112150475718,-0.006293950785835849
-0.004572818561767758,0.016928511757004033,-0.005490114998157715
-0.004599005681318545,0.016801148820584724,-0.004672963758282309
-0.004623167423820587,0.016687249523171972,-0.0038507273883217168
-0.004649155477653351,0.016585859218225245,-0.0030142239969948165
-0.004670489069700394,0.016498557561184134,-0.002165905083349392
-0.0046841416044801285,0.016442287073221474,-0.0013111065655739696
-0.004692098424767555,0.01641625591862888,-0.0004562218288577477
-0.003730332318032853,0.017008668224420247,-0.006315670165174656
-0.003754520298919154,0.016855179014035177,-0.005509989102201015
-0.0037781399693738596,0.016715851183949762,-0.004691616968385738
-0.0038032006828226305,0.01658836563097081,-0.0038686150122391612
-0.003818678053321303,0.01647672591383362,-0.003037938520371671
-0.00384232604593239,0.016383925952760933,-0.0021796311720706173
-0.003848882327730791,0.01632654947049364,-0.0013263300115599792
-0.0038599095896519834,0.016291126920156326,-0.0004641515356077164
-0.0029075624698992326,0.016958987485920323,-0.006338886459878283
-0.0029284259248596243,0.016794804897554468,-0.005536243697485406
-0.00294662570940769,0.016645070805085364,-0.0047193586641079335
-0.002966876934903095,0.01651279943937124,-0.003892567656139055
-0.0029838436534085975,0.016388679501953454,-0.003054383011196279
-0.003000629086247961,0.01628647003897897,-0.002202275906180163
-0.0030158065550967986,0.01621845052107196,-0.0013306908566996655
-0.00301515178973752,0.01618035369796518,-0.00046779101202249444
-0.002077990521724564,0.016917746980919027,-0.006352778706188015
-0.002089110740098802,0.016746083493801765,-0.005552392660884113
-0.0021053810817592924,0.016584425078735456,-0.004737960388635646
-0.002121013971132073,0.01644148739733514,-0.003911294976900769
-0.0021401918832419783,0.016307238202726646,-0.003070216138473625
-0.0021553093567231074,0.016202972574308222,-0.002212739154448182
-0.0021593800528948424,0.016127144232716936,-0.0013429844176499825
-0.002167695280571185,0.01608595970611153,-0.00047487672896926185
-0.0012449370889372126,0.01689608271529683,-0.0063663176133647754
-0.0012548622853054629,0.01671543560270815,-0.005562599771949982
-0.001266425451953697,0.016546439149433535,-0.004750756808040791
-0.001276018291432223,0.016395115090517224,-0.003926569326071278
-0.001283739676923925,0.01625869246169967,-0.003085142863831
-0.001293494210530582,0.016148920651297582,-0.002218694142250901
-0.0012983399342592283,0.0160628680682111,-0.0013501229916378806
-0.001298869819205203,0.016023384805311965,-0.0004788701812713245
-0.0004091618919518956,0.016878118400243974,-0.006370564707394391
-0.0004181588364845583,0.01670087647254753,-0.005570706366935876
-0.0004138941055544254,0.01653015588798472,-0.004761270760571501
-0.00042199918378091935,0.01636628900121322,-0.003931071395369349
-0.0004225593890464331,0.016226751629945017,-0.003090940301949305
-0.0004281468256564537,0.016119967796817732,-0.002224136981029921
-0.0004283177722421961,0.01603194418301063,-0.00135877385845856
-0.0004303541949636753,0.015987781636058237,-0.00048088996701677
-0.013786732673645018,0.018214429855346676,0.0004000000059604645
-0.013786732673645018,0.018214429855346676,0.0012000000476837158
-0.013786732673645018,0.018214429855346676,0.0019999999999999996
-0.013786732673645018,0.018214429855346676,0.0027999999523162836
-0.013786732673645018,0.018214429855346676,0.0036000001430511472
-0.013786732673645018,0.018214429855346676,0.004400000095367432
-0.013786732673645018,0.018214429855346676,0.005200000286102295
-0.013786732673645018,0.018214429855346676,0.005999999999999999
-0.013199999809265138,0.018014429092407226,0.0004000000059604645
-0.013199999809265138,0.018014429092407226,0.0012000000476837158
-0.013199999809265138,0.018014429092407226,0.0019999999999999996
-0.013199999809265138,0.018014429092407226,0.0027999999523162836
-0.013199999809265138,0.018014429092407226,0.0036000001430511472
-0.013199999809265138,0.018014429092407226,0.004400000095367432
-0.013199999809265138,0.018014429092407226,0.005200000286102295
-0.013199999809265138,0.018014429092407226,0.005999999999999999
-0.013786732673645018,0.018214429855346676,0.006800000190734862
-0.013786732673645018,0.018214429855346676,0.007599999904632567
-0.013786732673645018,0.018214429855346676,0.00840000057220459
-0.013786732673645018,0.018214429855346676,0.009199999809265134
-0.013786732673645018,0.018214429855346676,0.009999999999999998
-0.013786518096923828,0.018214429855346676,0.01080000019073486
-0.01372420310974121,0.01827628707885742,0.011351131439208979
-0.013199999809265138,0.018014429092407226,0.006800000190734862
-0.013199999809265138,0.018014429092407226,0.007599999904632567
-0.013199999809265138,0.018014429092407226,0.00840000057220459
-0.013199999809265138,0.018014429092407226,0.009199999809265134
-0.013199999809265138,0.018014429092407226,0.009999999999999998
-0.013199999809265138,0.018014429092407226,0.01080000019073486
-0.013199999809265138,0.01820721435546875,0.01143371486663818
-0.012472330304819035,0.017905302710021134,0.0003935085758956211
-0.01248648147268481,0.01790709929317952,0.001199463179046117
-0.012510042107465038,0.01791069102561727,0.0020150092382580573
-0.012493914017649968,0.017913741398248587,0.0028086089780215095
-0.012489870622495045,0.01791598386107151,0.0036222594289506012
-0.012468577521397992,0.01793832463432987,0.00441714098314197
-0.012475214334510147,0.017940895642865134,0.005225210961371073
-0.012454222108436113,0.017932981686631953,0.006022332794143287
-0.011774252276893589,0.017743271373495045,0.00041051328745191757
-0.011773183936117298,0.01775739178053996,0.0012201929594416042
-0.011786947800190338,0.017768765103269423,0.002025354986636504
-0.011767717805369705,0.017781284983885794,0.0028293134613584497
-0.011756062691401763,0.017795562561529595,0.0036344229253032385
-0.011743125245403524,0.017810478651131702,0.004441560821869907
-0.011721754860197024,0.017832009273842406,0.005241432535017368
-0.011716667004382132,0.017861826080376418,0.006051507361800229
-0.01102449494605483,0.017586942970543487,0.00040617095928635177
-0.01102523798377765,0.01759880940259675,0.0012275778617535673
-0.011024917299935415,0.017615006465377003,0.0020333653317867826
-0.01100769056999974,0.017630124902881992,0.002839014417999613
-0.011002347517444507,0.017657389834225882,0.0036508875931265325
-0.010982718828268876,0.017686342087919443,0.004461419996981053
-0.010963691450731162,0.017723124149542958,0.005268033464604405
-0.010941718077364637,0.017760720048152684,0.006067975793951228
-0.010263989422379122,0.0174323755735685,0.0004098484299255232
-0.010260811406386574,0.01744209535007587,0.0012261294873512534
-0.010253741089379943,0.017462754209857545,0.0020460207884678964
-0.010246017321932662,0.01748748328842453,0.0028609127693228105
-0.010230107342266481,0.017520609220598213,0.003671654643887278
-0.01020647080631431,0.017558667277992338,0.0044871298900792935
-0.010187960281798294,0.017607797873856086,0.0052940454834295965
-0.010161640897301065,0.017656903812764486,0.00609943160658536
-0.009489542637066533,0.017275559210225624,0.0004060467589903836
-0.009486412678623862,0.0172896177089641,0.0012325941414275665
-0.009478608377500246,0.01731362275702188,0.0020545616736656535
-0.009464947172433577,0.017341912270637444,0.002871712108872485
-0.009451388952425692,0.017385967337283776,0.0036905698654179555
-0.009428376455424919,0.017433373668789366,0.004505382101930937
-0.009403687524014647,0.017491245848938197,0.005317892141090263
-0.009374615947817636,0.017559348968087207,0.006126233141341842
-0.008707111589210469,0.017124344811441664,0.0004077052933902771
-0.00870405721430144,0.017138013968607802,0.0012328614426198312
-0.008694604490713716,0.01716547637659623,0.002064016181485235
-0.008679441331837864,0.017203918624308506,0.002886689348870071
-0.008662623723965113,0.017251118209302956,0.0037087457489534876
-0.008639328976310172,0.017313126481236087,0.004528705618782435
-0.008612297772529134,0.017383376790340035,0.005341663927119245
-0.008580313102580263,0.01745995679797243,0.006147370255979096
-0.007917877528518647,0.01697554839569754,0.0004062997804158563
-0.007914701144055002,0.016990274572888403,0.0012410198233276102
-0.007903057275248935,0.017022917359121387,0.002073574129555135
-0.007888448257385546,0.01707017365449,0.002904310849659441
-0.007866721864651498,0.017125769780353406,0.0037311547065155856
-0.007844111057744992,0.01719235610593037,0.004552043148944949
-0.007816053174961174,0.017275109770343574,0.005365126316089606
-0.007786099293990801,0.01735962987406067,0.00617045340450704
-0.007121310714280084,0.016823889553124527,0.0004054715277785686
-0.007117128470063978,0.016846298472137027,0.001246792217151584
-0.007108203231185032,0.016884398044609512,0.0020854932114669675
-0.007089719557378795,0.016932312154718868,0.002921111029653555
-0.0070663820762246945,0.01699412878575417,0.0037488059215496257
-0.007043034222729633,0.017075809214736035,0.0045704706737058455
-0.007014846947171911,0.01716708878285163,0.005387139962057742
-0.006982400644465855,0.017270457713196952,0.006197784458601798
-0.012458073094245872,0.0179651294346887,0.006829368340493847
-0.012438298992894769,0.017988438916132943,0.007622455688436752
-0.012427487550266134,0.017986036854883734,0.00841750839456649
-0.01242488518608698,0.01798311359340956,0.009215628077690219
-0.012411395649941436,0.017994024306768934,0.010008716410014147
-0.01240000057220459,0.018000000000000002,0.01080000019073486
-0.01240000057220459,0.018200000762939445,0.011440732955932622
-0.011693555252348851,0.017892530090857468,0.006851238629880886
-0.011669037512044103,0.017913798419961553,0.007646204199322972
-0.011653203541454871,0.01793445026792451,0.008441990009485138
-0.011643160826204101,0.01796364836783859,0.009234040459344043
-0.011623719009278324,0.017986132915383788,0.01002045621482404
-0.011600000381469728,0.018000000000000002,0.01080000019073486
-0.011600000381469728,0.018200000762939445,0.011440732955932622
-0.010918805744632276,0.017800412352170607,0.006865141036359515
-0.010880927174794225,0.017839248559237398,0.0076565348370239905
-0.010870077996975088,0.01789011898205762,0.008455814802704109
-0.010850206597865914,0.017929827253866056,0.009247717170122476
-0.010830038827054318,0.017973541320601253,0.010030566080091825
-0.01080000019073486,0.018000000000000002,0.01080000019073486
-0.01080000019073486,0.018200000762939445,0.011440732955932622
-0.010135720169228863,0.01771337087730856,0.00689886739904312
-0.010104832740984322,0.017773670427435946,0.007694263433766166
-0.010081777303543813,0.01783842167796314,0.008483626225743647
-0.010053375183113288,0.01789780627700732,0.009265128182020988
-0.010037397586230583,0.017953847619667545,0.01004545017387139
-0.009999999999999998,0.018000000000000002,0.01080000019073486
-0.009999999999999998,0.018200000762939445,0.011440732955932622
-0.009347170194529828,0.01762977747706591,0.0069309014975385405
-0.00931515852691744,0.017700252386820586,0.007723034593217313
-0.00928716807070943,0.017780952397437055,0.008505918669720471
-0.009259434993937004,0.017858130645318642,0.009285232754916162
-0.009236232308540877,0.017939922739571488,0.010056931476966145
-0.009199999809265134,0.018000000000000002,0.01080000019073486
-0.009199999809265134,0.018200000762939445,0.011440732955932622
-0.00855366211047511,0.017543737115615562,0.006946361891976073
-0.008520798888372611,0.01763118185473975,0.0077454221499448726
-0.00849537461785017,0.017724146508235807,0.00853448922958323
-0.008462273040162843,0.017812790156480036,0.009313108947298922
-0.008431691910568483,0.017929307378169373,0.010063126062274984
-0.00840000057220459,0.018000000000000002,0.01080000019073486
-0.00840000057220459,0.018200000762939445,0.011440732955932622
-0.007752961236685098,0.017457412385745386,0.006968800176459231
-0.007726077471814079,0.0175593526845008,0.007760706193257604
-0.007693703635993592,0.01766930427107901,0.008547987516618803
-0.007661306055463789,0.01778175480608345,0.009324764699392973
-0.007634205154859745,0.01791600785995495,0.010078491108311367
-0.007599999904632567,0.018000000000000002,0.01080000019073486
-0.007599999904632567,0.018200000762939445,0.011440732955932622
-0.006949322475611147,0.017377652861988398,0.006999484597818251
-0.00692596291095716,0.017499029717050668,0.007792265632423721
-0.006891625433771116,0.017620998854576315,0.008580269456183932
-0.006858354606157052,0.017746433276409138,0.009354046698642987
-0.00683325843418687,0.017906330565758875,0.01009059671744591
-0.006800000190734862,0.018000000000000002,0.01080000019073486
-0.006800000190734862,0.018200000762939445,0.011440732955932622
-0.006318248721413018,0.016683326188161957,0.0004103808746102453
-0.006312905327847938,0.016700899250447928,0.001252822681270082
-0.006302835066812565,0.016738840071998887,0.0020909605325962074
-0.006283998840181959,0.016799941796195872,0.002935271132753221
-0.006264352302888579,0.01687480285819811,0.0037642807029476233
-0.006235039343487958,0.016966243445461694,0.004594045424163872
-0.006207072014130398,0.017071386283119588,0.005410048920258014
-0.006173932128540744,0.01718380378548201,0.0062205634997577865
-0.005510729536599562,0.016543109306788324,0.00040574824361689737
-0.005504615668293323,0.016567281813855743,0.0012608303234930823
-0.00549369664174912,0.016609771717279558,0.0021022594115270377
-0.005474176741739409,0.01667482540422501,0.0029464535804711966
-0.005451705054174469,0.01676392985649289,0.003785567498688595
-0.005424020151721589,0.016863487380133824,0.004615630346985651
-0.005394770955477634,0.016976339517685783,0.005432393875281937
-0.005365883545676395,0.017101498716936735,0.006240918744775588
-0.004693665715337687,0.016409188187316247,0.000409783458444888
-0.004687043606496801,0.01643618380628723,0.0012663125053549908
-0.004673723933160194,0.016488144801564894,0.002115829057032439
-0.004654451879621741,0.01655515409908826,0.0029665630241868385
-0.004632626439197559,0.016656413008560494,0.003804662976235154
-0.004606900283170201,0.01676464289223033,0.004633695492160485
-0.004579997291517412,0.01688984041016057,0.005455120880947425
-0.004551609516950167,0.017025721951214094,0.006262553296427352
-0.0038608652124556744,0.0162876312364965,0.00041367405562131083
-0.0038523783890491033,0.01631407225787845,0.0012759113565425544
-0.0038450143103693876,0.016369410142095454,0.002126288341298543
-0.0038254941707582682,0.016448448532103893,0.0029854999242770815
-0.003804189793850038,0.016558716634332216,0.0038240157909267803
-0.003779756030866546,0.016675450283767764,0.00465380818322575
-0.003753300991751514,0.016816929530506845,0.005475674107615144
-0.0037301300980514688,0.016961835214978672,0.0062847150598584695
-0.0030161581535179645,0.01617491416589035,0.00041698236066573105
-0.0030159091580288008,0.01620194429276308,0.001279147158963882
-0.0030024324756892616,0.016272717420891168,0.00213228092197303
-0.002987946490769348,0.016360017180674483,0.003000211428773621
-0.002966151204921367,0.01647609473764777,0.00384361821162014
-0.002946483626500908,0.016604802075589547,0.004673168079782754
-0.0029222936482912213,0.016747373545458865,0.005493709987170545
-0.002907239988177064,0.016903651739027,0.006298697632013225
-0.0021691670816842384,0.016083847869193042,0.0004228799279872763
-0.002162465553547851,0.01611710356400042,0.0012871909857388765
-0.002156628633748524,0.01618501597336026,0.00214685185598769
-0.002143261776798724,0.016274116834001272,0.0030123841819057005
-0.002129176812891233,0.01640723592037497,0.003851251215056012
-0.0021121164069596832,0.016544795503961814,0.004687816668132757
-0.00209107801740029,0.016692745498517816,0.005504932693103284
-0.002080742234998926,0.01686463773302047,0.00630810044801467
-0.0013030631133652117,0.016018604681298416,0.0004127526059691989
-0.0013027828622138157,0.016050989376673968,0.001291674557146805
-0.0012934891163951209,0.016132415665484706,0.0021565602172292217
-0.001284550200985937,0.016232049896209605,0.003020784823377514
-0.0012799998232862703,0.016361416412885608,0.00386862142013697
-0.0012609852443463438,0.016503108031127468,0.004697476899040886
-0.0012553297897993942,0.0166624450931884,0.005512629664860156
-0.0012439724528868809,0.0168367265286449,0.006318746544373692
-0.0004286108967410364,0.01598266439227408,0.0004080731746930879
-0.0004266184134392939,0.016018259193688943,0.0012966162404223905
-0.00042652593621439537,0.016092106434605673,0.0021650460479057066
-0.0004245867640469181,0.016199022210143042,0.0030214263270177217
-0.00041836442032038587,0.016330023615869764,0.0038694342534836
-0.00041351527367983746,0.01647810457976851,0.004699954313170061
-0.0004098372062264185,0.0166405631155575,0.005517630896925921
-0.0004086553970254652,0.01681786880931765,0.006323471356667438
-0.006146458471218268,0.017304923347656126,0.00701887154356021
-0.006120580399894369,0.017440911503255444,0.007814078749992072
-0.0060840720547110875,0.017575096021986016,0.008593794316295353
-0.006054629503908636,0.01771726072640719,0.009363208656215613
-0.006031406097017384,0.017886990707206056,0.01010446475134317
-0.005999999999999999,0.018000000000000002,0.01080000019073486
-0.005999999999999999,0.018200000762939445,0.011440732955932622
-0.005338318021564151,0.01723809877769198,0.007044933989710538
-0.005309672696377957,0.0173817691015759,0.007834071819464824
-0.005279056309513997,0.017533399791071682,0.008617193584285199
-0.005247521744213255,0.017691239762438,0.009385648637101094
-0.005231421465409625,0.017883195723091803,0.010113379692638402
-0.005200000286102295,0.018000000000000002,0.01080000019073486
-0.005200000286102295,0.018200000762939445,0.011440732955932622
-0.004522745443959995,0.017171798938061013,0.007060861559798541
-0.00450190108175484,0.017328102149908785,0.007847335370698866
-0.00447050942943567,0.017495524041698723,0.008620151627296749
-0.004439763438339904,0.017674489766950834,0.009375401653343413
-0.004428821892181084,0.01785875954134508,0.010130007997974647
-0.004400000095367432,0.018000000000000002,0.01080000019073486
-0.004400000095367432,0.018200000762939445,0.011440732955932622
-0.0037060260948231804,0.01711879264257923,0.007082469425442126
-0.003683722219441441,0.01728630932372391,0.007872363030013764
-0.003657733835522052,0.01746341836481777,0.008642765240963144
-0.003629095038886733,0.017650996998006884,0.00939109072899753
-0.0036262681516605797,0.017848479933361826,0.010137970125404381
-0.0036000001430511472,0.018000000000000002,0.01080000019073486
-0.0036000001430511472,0.018200000762939445,0.011440732955932622
-0.0028868286943616005,0.017071045210825447,0.007097023494129169
-0.00286578280188287,0.017247575094848137,0.00788292446126928
-0.002845101833044848,0.017433538330682515,0.008652008270036217
-0.0028278454751046404,0.017639489394217042,0.009407287930614162
-0.0028163725523737246,0.017842826549780942,0.01014563722887302
-0.0027999999523162836,0.018000000000000002,0.01080000019073486
-0.0027999999523162836,0.018200000762939445,0.011440732955932622
-0.0020639164561610415,0.017039546239116913,0.007111919820553003
-0.002045090925716187,0.017223319561296992,0.00790002309556675
-0.0020302376349440503,0.017412504892911275,0.008668315705520529
-0.002026397495696423,0.01762627585709679,0.009419999158595455
-0.002007327918494961,0.01784035168836707,0.010153194731793687
-0.0019999999999999996,0.018000000000000002,0.01080000019073486
-0.0019999999999999996,0.018200000762939445,0.011440732955932622
-0.0012321823101185206,0.017014292364916597,0.007120759185584394
-0.0012242145002987607,0.017201772361558797,0.007906210766540474
-0.0012193877927211799,0.01739831647602719,0.008679851123207492
-0.0012203038832049626,0.017601407565236524,0.009437795633359022
-0.0011983244625047597,0.017835832311270585,0.010131228738769616
-0.0012000000476837158,0.018000000000000002,0.01080000019073486
-0.0012000000476837158,0.018200000762939445,0.011440732955932622
-0.0004067915524611664,0.0170020608715965,0.007123641935124693
-0.00040300901836380794,0.0171905798604981,0.00791433423967403
-0.0004054289765516264,0.017394919980248655,0.00868824256956864
-0.0004010650169489455,0.017597047149994237,0.009445979852942038
-0.00039552928781426834,0.017839062763477603,0.010137574232821432
-0.0004000000059604645,0.018000000000000002,0.01080000019073486
-0.0004000000059604645,0.018200000762939445,0.011440732955932622
0.0004000000059604645,0.018200000762939445,-0.011447734832763668
0.0004000000059604645,0.018000000000000002,-0.01080000019073486
0.0004095993264994127,0.017845704241038894,-0.010166155227376895
0.0004090158829360776,0.017645565544314068,-0.009430265204268937
0.0004058389502964281,0.01744663618290772,-0.008689674865722271
0.000415678198176749,0.01725719144720375,-0.007937007875281125
0.0004197696761528883,0.01706574125464025,-0.007161174567755767
0.0012000000476837158,0.018200000762939445,-0.011447734832763668
0.0012000000476837158,0.018000000000000002,-0.01080000019073486
0.0012112168173502506,0.017846722037773204,-0.010156918695314694
0.0012129698759717586,0.01764918581886175,-0.00943336127435713
0.0012297104342143316,0.017454929904348358,-0.008692941183378234
0.0012374146114913203,0.017264580661867097,-0.007931609034531866
0.001248664113074697,0.01707895468987526,-0.007157007733897065
0.0019999999999999996,0.018200000762939445,-0.011447734832763668
0.0019999999999999996,0.018000000000000002,-0.01080000019073486
0.0020063245559609364,0.017841634131230688,-0.010138378308428089
0.002030001496900171,0.017647450492651977,-0.009438563044504338
0.0020429119968500054,0.017470747293334768,-0.008691864721549567
0.0020574866370185164,0.01728441301596382,-0.007927194790078728
0.002075062854110685,0.01709943516686996,-0.007144449719936335
0.0027999999523162836,0.018200000762939445,-0.011447734832763668
0.0027999999523162836,0.018000000000000002,-0.01080000019073486
0.002822126235988882,0.017842446230107983,-0.010159913433886393
0.002840449172719894,0.017665501552458666,-0.009428775180581366
0.0028537612626139313,0.01748778408066736,-0.008671750188188306
0.0028729221772114933,0.017306955232408015,-0.007910913821406507
0.002896250813692784,0.017134685048695662,-0.007131934162658985
0.0036000001430511472,0.018200000762939445,-0.011447734832763668
0.0036000001430511472,0.018000000000000002,-0.01080000019073486
0.003629080603231869,0.017848976603808814,-0.010136065401851722
0.0036441635815825696,0.01768581166430762,-0.009405212065418434
0.0036684151032490165,0.017512675436502437,-0.008667486907474604
0.003690357100462499,0.01734250839896678,-0.007896474564895454
0.0037179053477622358,0.017177066543752596,-0.007115900651927125
0.004400000095367432,0.018200000762939445,-0.011447734832763668
0.004400000095367432,0.018000000000000002,-0.01080000019073486
0.004431953322332295,0.0178656979740191,-0.010125110427337032
0.0044507666689489744,0.017699690719368832,-0.009401339582402874
0.0044827891274640775,0.017540425265750344,-0.00864489264042212
0.0045014339039791615,0.01738105540503846,-0.007874976873886722
0.004534197286283221,0.017225978098908114,-0.007091634864590296
0.005200000286102295,0.018200000762939445,-0.011447734832763668
0.005200000286102295,0.018000000000000002,-0.01080000019073486
0.005235434805645502,0.017872478113680323,-0.010109423976828664
0.005261238495908809,0.017712952429321034,-0.00938150132702615
0.005289090649584399,0.01757199883742383,-0.008624415856069845
0.005314931321421493,0.017426672532123218,-0.007844768636893536
0.005350934986789042,0.017282976789245307,-0.007062662296182757
0.005999999999999999,0.018200000762939445,-0.011447734832763668
0.005999999999999999,0.018000000000000002,-0.01080000019073486
0.00604514082704958,0.017884897048086306,-0.01012740760170165
0.0060656495161941675,0.017742182551711245,-0.00937541110287356
0.006093195360922991,0.01761490063592066,-0.008609441665923806
0.006125089431471759,0.017481907343563627,-0.007833288788344701
0.006157489454287213,0.017347574784878847,-0.007043347924195822
0.0004247027457229425,0.016877839926870235,-0.006374455840512935
0.00042768828643968573,0.01670042874290995,-0.005573493682837976
0.0004346375385940218,0.016527879106897302,-0.004761842267889595
0.0004381403341776286,0.016371962164975253,-0.0039303554660684295
0.0004425839175955643,0.016226471594143938,-0.003087476094227332
0.0004467227701720969,0.016118209329402167,-0.0022303780973885585
0.00044045479556615626,0.016027012830356662,-0.001359278779893673
0.00044253055708790365,0.015985744676916627,-0.00047559497824094926
0.001259495531826296,0.016894680047867,-0.006367458144913229
0.0012711959055479488,0.01672016976129264,-0.005566388365446957
0.00128520541359957,0.016551983835336664,-0.004750414525092785
0.0012941035470927667,0.016398849253449525,-0.003923969376756747
0.001305444424568209,0.01625702010915487,-0.003081658520655289
0.0013109683392753706,0.01614581356889435,-0.002227835608550151
0.001316424074023251,0.016064234584594786,-0.001354183037633062
0.0013229376291426346,0.016015523499261698,-0.000472156717014096
0.0020885183900363996,0.016921080215016603,-0.006356257697185406
0.0021085130674138777,0.01675255741029401,-0.005552844584777522
0.002124414128730792,0.01659150322859005,-0.004739128557080887
0.0021434438540767473,0.016446882058581535,-0.00391264390620252
0.0021586813947136033,0.01631387059089308,-0.0030728391418398575
0.002171345148536409,0.016210270890316694,-0.0022167450411285645
0.0021840593382766046,0.016132590705693884,-0.0013498175596306187
0.0021885899320772464,0.016088712345689378,-0.0004673238899351667
0.0029180667751554333,0.01696253661102183,-0.006340891247357574
0.002941966005167062,0.016801573552420315,-0.005537691929632663
0.0029629393629608185,0.016656188778432657,-0.004721785714923128
0.0029833951869894793,0.01651310168344575,-0.0038961364402097924
0.0030103492198163082,0.01639420508613944,-0.0030511472279256295
0.0030241860360392847,0.016293350400651194,-0.002202235662093536
0.003038478422087174,0.016229089084271255,-0.0013387317100338916
0.003043812669838755,0.01618397740611884,-0.0004672687150988424
0.0037455407895003634,0.017017129507687627,-0.0063211250563788395
0.0037729101194406535,0.01686009248967938,-0.005511280741575874
0.003793571620043735,0.016721774526022307,-0.004700327365024085
0.0038225334462896154,0.016599943314989193,-0.003871609439534729
0.0038423874844811068,0.016493768731285167,-0.003036720546604655
0.003858333123514069,0.01640080033450719,-0.0021843440872291323
0.003875774555643662,0.016333967927745368,-0.0013243268733531869
0.0038815736345561044,0.016299371821571856,-0.00046110199967222575
0.004565810422936289,0.01707912332855503,-0.006295888510251047
0.0045946990369001945,0.016942783385463636,-0.0054920031235804806
0.0046207969193699065,0.016812985580267347,-0.004676087307201265
0.004649484189416904,0.016695592687897606,-0.0038444038307661518
0.00467057180960516,0.016596309396012723,-0.0030141778263997297
0.004692045619154067,0.016513889386045876,-0.0021665268974075938
0.004702998560490613,0.016458779667735096,-0.0013204838273870177
0.0047127345588595755,0.016432744657249157,-0.0004561455369358119
0.005380109259143759,0.017154320442601553,-0.0062700646292925075
0.005410542400680235,0.01702392782013507,-0.0054662409387269744
0.005437071376273522,0.01690425267740281,-0.004649588037245358
0.005466982739475769,0.01680556030618754,-0.003825066764877208
0.005492459696162354,0.016717257756812095,-0.002991211150840853
0.005510217133649102,0.016643222535090103,-0.0021462995765000664
0.005518105476458619,0.016592885304911403,-0.0013063374958682307
0.005527798676472929,0.01656569018644959,-0.0004491302998696819
0.0061905353513473736,0.017230039326914397,-0.006243373679456644
0.006222022736454519,0.017111446186718126,-0.005436418052413555
0.006252636388341806,0.017011417905797806,-0.004620377688075441
0.0062805731439249,0.016915812171695566,-0.0037949299360988424
0.006304345705047792,0.01683864119092202,-0.0029641401431998123
0.006322453977997462,0.016775786126370585,-0.002131131984394482
0.006333593119367219,0.016736430478959882,-0.0012919961315283422
0.0063391377539951345,0.016706919836509185,-0.0004411335322078039
0.006800000190734862,0.018200000762939445,-0.011447734832763668
0.006800000190734862,0.018000000000000002,-0.01080000019073486
0.006842665527478815,0.017897781412621886,-0.010092604538789072
0.006865801707183951,0.017766537556966663,-0.009349344651023857
0.006898644114589564,0.01765008310823622,-0.008580934976642885
0.006936406589471476,0.017531836860529056,-0.007801663540308142
0.006961286336307813,0.017418278647683205,-0.007013887365622568
0.007599999904632567,0.018200000762939445,-0.011447734832763668
0.007599999904632567,0.018000000000000002,-0.01080000019073486
0.007648682533404206,0.017906055798238663,-0.010094940241382588
0.0076686944197138715,0.0177968703434908,-0.009336415598145987
0.0077031084620161555,0.01769522248285259,-0.008563201224395467
0.0077379957150348665,0.017594237863141876,-0.007779506408763969
0.007765104707081665,0.0174917576603096,-0.006987969692412726
0.00840000057220459,0.018200000762939445,-0.011447734832763668
0.00840000057220459,0.018000000000000002,-0.01080000019073486
0.008446632834857132,0.017921670428690445,-0.010073181705331004
0.008469481761230057,0.01782860847456257,-0.009307363236000264
0.008504456873319181,0.017741209920735114,-0.008536271923519497
0.00853396177466965,0.017653385393686435,-0.007751551013585987
0.008565473172654199,0.01757451883959982,-0.006955653612937763
0.009199999809265134,0.018200000762939445,-0.011447734832763668
0.009199999809265134,0.018000000000000002,-0.01080000019073486
0.009242769313035571,0.01793796021673172,-0.010066463372239268
0.00927041912014175,0.017863980874164655,-0.009292917776850946
0.009302385433367559,0.017791014884226932,-0.008509418159658635
0.009330853623019327,0.01771585891572143,-0.007721539022425569
0.009358237134282466,0.017653105365303047,-0.006927362472454842
0.009999999999999998,0.018200000762939445,-0.011447734832763668
0.009999999999999998,0.018000000000000002,-0.01080000019073486
0.01003333556443363,0.017957216592866667,-0.01004302718827669
0.010065860162134718,0.0179013861466349,-0.009274130606764875
0.010097776951289954,0.01784688237035935,-0.008493046602774995
0.0101210393182727,0.017788219412916372,-0.007699155600511254
0.01014668249639488,0.01772914715301813,-0.006905499514447141
0.01080000019073486,0.018200000762939445,-0.011447734832763668
0.01080000019073486,0.018000000000000002,-0.01080000019073486
0.010828213827455475,0.017969420185485373,-0.010029032993658584
0.010852463463626828,0.01793227863066331,-0.009248038238129936
0.010885857948971489,0.017898686229860808,-0.00846324531233306
0.010909614527304882,0.017856011150416254,-0.007673360602112498
0.01092572017395237,0.017819609256390475,-0.006876376442455578
0.011600000381469728,0.018200000762939445,-0.011447734832763668
0.011600000381469728,0.018000000000000002,-0.01080000019073486
0.011623573121688073,0.017982527030638577,-0.01002220551255616
0.011641453516590359,0.017965288671598894,-0.009237220822172848
0.011670014460175288,0.017942354254948157,-0.008449941647038953
0.011679535088054492,0.017916725379381947,-0.0076500725942281736
0.011698813210466221,0.0178913235780813,-0.0068533340435937605
0.01240000057220459,0.018200000762939445,-0.011447734832763668
0.01240000057220459,0.018000000000000002,-0.01080000019073486
0.01241524561740696,0.017991610635166678,-0.010012019747563135
0.012420850168769725,0.017990547293162133,-0.009218152833988325
0.012432756609070266,0.01798479520666693,-0.00842378872673889
0.012449298603909253,0.01797173478115738,-0.00763011423806324
0.01244903233910825,0.01797002923134754,-0.006826924729216826
0.006997029297582948,0.017310099975776358,-0.006212959085096917
0.007026628286163205,0.017208928624467223,-0.005412307305097822
0.007059078321639153,0.017119758477310724,-0.004594530544066908
0.007084428744009782,0.017039469034818046,-0.0037711143298552827
0.007106280683498364,0.01697071972981635,-0.002943048917795445
0.007125216271840585,0.016917400311222606,-0.0021122857953560464
0.0071363826296517545,0.016879687673956565,-0.0012816649685176004
0.007141706710978593,0.016856008921017775,-0.0004412215637128104
0.007799659195311889,0.017401158733392142,-0.006188905021266028
0.007827558972868366,0.017314696400280105,-0.0053813670222152285
0.007859226494820862,0.017234862146932248,-0.004566348268246701
0.007882507305339724,0.017164680064336794,-0.003749512189810403
0.007904617010252172,0.017104938346323574,-0.002928383936497133
0.00792091914718535,0.01705951679320563,-0.0020994047075836367
0.007931346242831124,0.01703033302101424,-0.0012677008143411241
0.00793672082684517,0.017005941487814185,-0.0004317995886838783
0.008596992747925143,0.017487963221927583,-0.00615241955991268
0.008621917734790718,0.01741786381155425,-0.00534897351865941
0.008654548648172845,0.017350011936121543,-0.004536517917718663
0.008676370664873954,0.01729144443721904,-0.003724111488177439
0.008698723790590062,0.017240908579897653,-0.0029024706719841717
0.008713733489729054,0.017203294522064753,-0.002078701470545116
0.008723487791895137,0.017181208029876507,-0.0012535022229641763
0.008728504824669511,0.01716340083898559,-0.00042483777769818267
0.009384834304851439,0.017592042668901714,-0.006130317507577345
0.00941395067040813,0.017532268775329114,-0.005327256274718507
0.009440352569963418,0.017473867362378354,-0.004516521288507083
0.00946566447634455,0.017425467170733563,-0.0037060525808804176
0.009483359658454055,0.017382076332166617,-0.0028888125762820305
0.009497742261437783,0.01735130845636204,-0.0020634722577770634
0.009505808917044436,0.017328817257815286,-0.0012420937990448577
0.009512915233585797,0.017321462570379705,-0.0004191175966718706
0.01016816013071779,0.017682583434742334,-0.006104282495079681
0.010194600918323042,0.01763990051651356,-0.005297507944842265
0.01021962822285237,0.017595374215042925,-0.004491134280823391
0.010246517443697555,0.0175546263577822,-0.003678033725188142
0.010259763847726462,0.01752585728912293,-0.0028631712175833783
0.010271974683914938,0.017502970384125946,-0.002050936654840416
0.010280977193620606,0.017485639231321962,-0.0012337071081180945
0.010284981264995201,0.017477893483526005,-0.0004128605076933653
0.010943046515574966,0.01777985800696614,-0.0060726322922971705
0.010967844656429217,0.017756448465871492,-0.005267891302001273
0.010992093208118172,0.017727310797321285,-0.00446567754701551
0.011012122796190668,0.017696541618766305,-0.0036559695328698912
0.011028094960822368,0.017674287748061773,-0.0028510092117794896
0.011034173979611414,0.017657056936204077,-0.0020337942523206165
0.011042392463990311,0.017648768070925993,-0.0012264777403043971
0.011048757599286354,0.017642697767606415,-0.0004127206743962496
0.011709968509599811,0.01786466656413683,-0.00604887689134418
0.011730018967038673,0.01785557686727295,-0.005249406057855666
0.01174649896853041,0.017844916127620732,-0.004444033330258962
0.011769650315904623,0.017835563853312277,-0.0036436047032120176
0.01178877213496748,0.017821380689073938,-0.0028363435882015732
0.011781167225134751,0.01780961585315233,-0.002029965111591711
0.011786308026438092,0.01780204221638288,-0.0012153480998423438
0.011801937163166753,0.017802856901017267,-0.00041042364546658137
0.012464479269796434,0.017958281792734686,-0.006028335401941186
0.012465284983049659,0.017953803829893915,-0.0052242492926229435
0.012474948570610262,0.01795086192498579,-0.004424256311746812
0.012468777843193632,0.017945460061316067,-0.0036175576554740335
0.012500219071544664,0.017921256709926326,-0.002813130961522472
0.012492779962354376,0.017931034065066995,-0.0020097125075687066
0.01249752160587982,0.01793756374075157,-0.0012062628733020568
0.012491663914547589,0.017938586343090493,-0.00039980273314618926
0.013199999809265138,0.01820721435546875,-0.01143740367889404
0.013199999809265138,0.018014429092407226,-0.01080000019073486
0.013199999809265138,0.018014429092407226,-0.009999999999999998
0.013199999809265138,0.018014429092407226,-0.009199999809265134
0.013199999809265138,0.018014429092407226,-0.00840000057220459
0.013199999809265138,0.018014429092407226,-0.007599999904632567
0.013199999809265138,0.018014429092407226,-0.006800000190734862
0.013722794532775879,0.01827628707885742,-0.011351382255554198
0.013784191131591801,0.018214429855346676,-0.01080000019073486
0.013784191131591801,0.018214429855346676,-0.009999999999999998
0.013784191131591801,0.018214429855346676,-0.009199999809265134
0.013784191131591801,0.018214429855346676,-0.00840000057220459
0.013784191131591801,0.018214429855346676,-0.007599999904632567
0.013784191131591801,0.018214429855346676,-0.006800000190734862
0.013199999809265138,0.018014429092407226,-0.005999999999999999
0.013199999809265138,0.018014429092407226,-0.005200000286102295
0.013199999809265138,0.018014429092407226,-0.004400000095367432
0.013199999809265138,0.018014429092407226,-0.0036000001430511472
0.013199999809265138,0.018014429092407226,-0.0027999999523162836
0.013199999809265138,0.018014429092407226,-0.0019999999999999996
0.013199999809265138,0.018014429092407226,-0.0012000000476837158
0.013199999809265138,0.018014429092407226,-0.0004000000059604645
0.013784191131591801,0.018214429855346676,-0.005999999999999999
0.013784191131591801,0.018214429855346676,-0.005200000286102295
0.013784191131591801,0.018214429855346676,-0.004400000095367432
0.013784191131591801,0.018214429855346676,-0.0036000001430511472
0.013784191131591801,0.018214429855346676,-0.0027999999523162836
0.013784191131591801,0.018214429855346676,-0.0019999999999999996
0.013784191131591801,0.018214429855346676,-0.0012000000476837158
0.013784191131591801,0.018214429855346676,-0.0004000000059604645
0.0004467781742971261,0.015975929221484376,0.0004075342106603964
0.00044250246087405805,0.016017032896141578,0.0012959783993213394
0.0004351091534854089,0.016094939618883804,0.002162255461517986
0.00043672432088114364,0.016208191395056568,0.003023507258600449
0.0004345993053538449,0.016337127724158393,0.003871904755724326
0.0004282280443442663,0.016484474369156413,0.004705661673053393
0.00042943634083765015,0.016642661358459248,0.005519104829452837
0.0004225419166407745,0.016819393481364218,0.006323726594434586
0.0013230537802368238,0.016019536599684428,0.00040754509366856714
0.0013176824210029555,0.016051998861566413,0.0012897150369171476
0.0013033191695872688,0.016124931630728038,0.0021624929380774983
0.0013014192526322912,0.01622976394797109,0.003020236551139044
0.0012884226153661773,0.016361559010408,0.003868614858870759
0.0012819174277831902,0.016505135307116853,0.0046962624487143535
0.001263862531008683,0.016664853939774224,0.0055131040280989915
0.001259030758674257,0.01683988520235992,0.006314235175184569
0.0021879278580578527,0.016086616397708368,0.0004026622277760126
0.0021814081778277314,0.016115737783777295,0.0012863953060920715
0.0021709128799108127,0.016184204813663772,0.002152346936990019
0.0021558839788865364,0.016284642749643523,0.0030117999217593133
0.0021392162026580295,0.01640830648103567,0.0038598921521296415
0.0021255326173796186,0.016552746349370567,0.004683735286299314
0.0021039763689755754,0.016701981245779825,0.005503241425389751
0.002088814503170838,0.016865251475567992,0.006308740673562938
0.003045443315814774,0.01618143600046573,0.00040670001344123664
0.0030335247422811997,0.016207387962272522,0.001279869262986434
0.0030186773220393977,0.01627200824420956,0.0021436867269296273
0.003004681985108582,0.01636334696931166,0.002996229068230051
0.0029866281373481154,0.01647699945564904,0.0038416269414794113
0.002965669420195161,0.016611613281081957,0.004670361058970831
0.0029425907591899853,0.01675560957158898,0.005488467942248331
0.00291534752801275,0.01691166240454944,0.0062977104946742414
0.0038855353653135722,0.016298449282157054,0.000399638175383788
0.0038786241175696548,0.016319489224969518,0.0012700903941156793
0.0038640799485223786,0.016377595573626794,0.0021283802615262707
0.003846498562834326,0.016461978313434163,0.002978970149595082
0.0038170845591742105,0.0165665026579441,0.003825678720234545
0.003796354412165857,0.016686311237002663,0.0046522628205080295
0.0037743845955032426,0.016819690274273328,0.005466566602971934
0.0037466855382912363,0.016965163361663572,0.006275324093934252
0.004711829924539412,0.016428330829903012,0.0004057938633423693
0.0047062219997153565,0.016447476835418123,0.001256052421225959
0.004692359314094063,0.016496281455382882,0.0021178320953669358
0.004676154549234177,0.01656917856840839,0.0029597867223292397
0.0046478406657169445,0.016664940855233932,0.0038020542453168367
0.004622210406859114,0.016781056988698837,0.004630271510175983
0.004594312115260373,0.016901838591722028,0.005448210694682889
0.004566770748669887,0.017039722459980335,0.006257964979587215
0.005528925239475745,0.016568036489845717,0.00040117170689543734
0.005520609710746235,0.016582972422105623,0.0012585460210494228
0.005509343495206374,0.016627627025280884,0.0021004601049851314
0.005487989242928336,0.01669473235512084,0.0029499256225194717
0.005467303608764055,0.016774316857840997,0.003782770777838547
0.0054401391226628895,0.01687708643993635,0.0046066880133159745
0.005409497916687975,0.016989290413204933,0.005425928612331805
0.005382715390394787,0.017114794837020948,0.006234568814538843
0.006339154851338696,0.016706026365337957,0.0004056954654521432
0.006332972773826612,0.016730436769384863,0.0012465034417329661
0.006318436606977264,0.016765897978919777,0.0020941627879706346
0.00630224622617962,0.016820234245055354,0.0029291272443661936
0.006277288016126834,0.01689153791824653,0.003761345414326455
0.006251424288632969,0.016981005555498,0.0045848202949108
0.00622315911795611,0.017085763581253955,0.005402882571165939
0.006188787253247822,0.01719395597883151,0.006215871300902451
0.00041950108215055206,0.01700133258152814,0.007123068944602804
0.00041713625295021787,0.017194547160826693,0.007911596390547703
0.00041190022005270954,0.01739921171480694,0.008686372925651609
0.0004108253925311337,0.01760580499116018,0.009435815421260553
0.00040606154488487836,0.017849676937888675,0.010148363368121204
0.0004000000059604645,0.018000000000000002,0.01080000019073486
0.0004000000059604645,0.018200000762939445,0.011440732955932622
0.0012474730422850826,0.017017789734878233,0.007116216488935802
0.0012389435988711152,0.017204787503006188,0.00789689066901015
0.001229787982824946,0.017402168613521618,0.008666106784798299
0.0012216363938007838,0.01762336691359192,0.00940870507996201
0.0012097973558739916,0.01784585028726962,0.010152837835603593
0.0012000000476837158,0.018000000000000002,0.01080000019073486
0.0012000000476837158,0.018200000762939445,0.011440732955932622
0.0020732089854944595,0.017043092237514337,0.007106759102790629
0.0020550622885562764,0.017224743538342413,0.007891465584096728
0.0020479264955006265,0.017415381903154413,0.008660301137914368
0.002023732967468597,0.017628048683536006,0.009411329186472098
0.002024156384629279,0.017844749904356316,0.010141521785099415
0.0019999999999999996,0.018000000000000002,0.01080000019073486
0.0019999999999999996,0.018200000762939445,0.011440732955932622
0.0028989506430474486,0.01707652337956436,0.007091928776557377
0.0028775153349933197,0.017256840321058994,0.007880959615100132
0.0028599077179322393,0.017438356288914162,0.008655286316786706
0.002834542357353773,0.017626056954894446,0.009419733660243814
0.0028245990866302847,0.01785280684790077,0.010124566431808632
0.0027999999523162836,0.018000000000000002,0.01080000019073486
0.0027999999523162836,0.018200000762939445,0.011440732955932622
0.0037161068204137897,0.017121469959405715,0.007076025120216086
0.003692524441950776,0.017291151963505235,0.007864584137373716
0.0036669910114581887,0.01746648915582394,0.008643690273373186
0.0036465724719348482,0.017660883763186412,0.009394081172079412
0.00362746350194615,0.017865772655379083,0.010140870263997572
0.0036000001430511472,0.018000000000000002,0.01080000019073486
0.0036000001430511472,0.018200000762939445,0.011440732955932622
0.004532333327618863,0.017182060210348654,0.007060636498043838
0.00450455619889804,0.017336555396012997,0.007847418277228773
0.00447977621166833,0.01749876030498472,0.008629788401247564
0.004451413147213975,0.017674803503274033,0.00939924287017349
0.004430335065011385,0.017863296524746875,0.010111992334474015
0.004400000095367432,0.018000000000000002,0.01080000019073486
0.004400000095367432,0.018200000762939445,0.011440732955932622
0.0053471458187537,0.017245071418610106,0.007039593174514324
0.00531048705872533,0.017391721024363142,0.007833305719451782
0.005287495542703012,0.01753597567463012,0.008615627592317899
0.005260149137358326,0.017690631727710224,0.009381470607645442
0.005232613749701365,0.01787466993358553,0.01009815137446235
0.005200000286102295,0.018000000000000002,0.01080000019073486
0.005200000286102295,0.018200000762939445,0.011440732955932622
0.006155338828173512,0.01731669492712051,0.0070167200517129305
0.00612317702802052,0.017443980110103157,0.007806791350199816
0.006092041700080979,0.01758054860244451,0.008589851725007376
0.006062697007514379,0.017723470431539906,0.009359737867212845
0.006040357266148939,0.017897400673135697,0.010102114929950296
0.005999999999999999,0.018000000000000002,0.01080000019073486
0.005999999999999999,0.018200000762939445,0.011440732955932622
0.007141468860470545,0.01685456518924174,0.000406142877714508
0.00713603396630725,0.016870873562877007,0.0012392811595093828
0.007124526454082323,0.01690528704490844,0.0020753362339607662
0.00710655610684676,0.016953922714263946,0.002909656553856872
0.00708157648336203,0.0170134716861652,0.00373816414862973
0.00706023838746431,0.01709653320318222,0.00455962865457902
0.007028906216309922,0.017186087012070812,0.005377990605472081
0.006997129231993318,0.01728141177948366,0.0061873193772319715
0.007936908187366074,0.017005842627762682,0.0004009059782746887
0.007931063044258333,0.01702064454846575,0.0012345012675864663
0.007920741711194947,0.01705021001841835,0.002063637603326607
0.007903375870659713,0.0170959639127003,0.002894287785735248
0.007880723163602736,0.017145453677376403,0.0037179425265313464
0.007859899776702518,0.017214864978562616,0.004535097746638645
0.007831669438652013,0.017295847204449877,0.005354528380571064
0.007795956265489486,0.017379104430373604,0.006164719316606377
0.008727733619211385,0.01716156162641656,0.00040264205670156617
0.008720892775548552,0.01717111277834939,0.0012281423880461564
0.008712870894512982,0.01719867559289983,0.0020541130818529205
0.008693934345834795,0.017231934865726523,0.0028802349525883933
0.008672900194865996,0.017279462022929168,0.0037043677607022443
0.008653753826170694,0.01733506344033949,0.004516679798210373
0.008627374055259204,0.017404549707733103,0.005328524565283302
0.008592621940690048,0.01747760085892967,0.006138856979375033
0.009511104776463103,0.017319419227558724,0.0004030886194975679
0.009505554302080076,0.01732821084742057,0.0012226154453783816
0.009494682341869322,0.01734857286430225,0.002045414696392328
0.009480117586540606,0.017376935874556833,0.0028662968189456356
0.009457265476219593,0.017415128291895364,0.0036826319756683512
0.00944313307412044,0.017464555294363082,0.004494305941374149
0.009417643029539912,0.017515012743654627,0.005304925913406391
0.009379732514719295,0.017578042310626176,0.0061152251557201
0.010288553829992155,0.01747883334114976,0.0003999733771991171
0.010279288162018181,0.017486575590409708,0.0012222651334539796
0.010266354119785576,0.01750354794252381,0.002037288989567882
0.010260914444250457,0.01752752079341226,0.002853070302206257
0.010237815360993316,0.01755417382721558,0.003669980824803505
0.010222110441126489,0.01759217793711709,0.004477059276857563
0.010197494757829918,0.017636500919108337,0.005285706785644708
0.010168662448231284,0.01768024351855117,0.006090999978029362
0.011046437184825826,0.017637833232163284,0.0003944772194742589
0.011028431589163935,0.017640469407046652,0.001218072346450639
0.011035332299856825,0.017656413102342585,0.002031087577738705
0.011025405196898111,0.017667298586235957,0.002834139852192278
0.011002959366526963,0.01769028762578476,0.003649804480851753
0.01099234934091975,0.017717450467488682,0.004454492416224268
0.010967326101239691,0.017746085016024597,0.005263631807376499
0.010947265554519355,0.01778370025833092,0.006065953023325434
0.011793755068861338,0.01780185806793512,0.0004018207840392023
0.011762082107920926,0.017808655638437133,0.0012084004376893527
0.01178576562791437,0.017810281404147976,0.002018039302198759
0.011780903171501657,0.017816293710526697,0.0028294544248455866
0.011755525221035922,0.017830865549762893,0.0036336032805757176
0.01174830199784449,0.01784132405745392,0.004438648113233783
0.011733416810985412,0.01785677115325451,0.005241834027636673
0.01171315068754877,0.01787141478289635,0.006047438041762026
0.012488768967267168,0.017942251959507646,0.00040385797410758965
0.012492291592035217,0.017934510147671563,0.001206291419829816
0.012495983588451975,0.01793140822061815,0.002007409353286543
0.012483751031484814,0.01793716458750716,0.0028125372886296206
0.01247853613398943,0.017947525847032728,0.003614264121267552
0.012487331453229911,0.017951236252667736,0.004418308119221729
0.012479191566428151,0.017955470142856814,0.005221172273723216
0.012461261381795489,0.017960330749714395,0.006021862662963714
0.00696324711194521,0.017392385464739285,0.006991223614292348
0.0069262467666071,0.017509689951555257,0.007783672028848399
0.0068971949662971765,0.017632883188054043,0.008565199435937625
0.0068578022299513,0.01776684218231372,0.00933326307056795
0.006843325531204872,0.017898590052972903,0.010095084987863046
0.006800000190734862,0.018000000000000002,0.01080000019073486
0.006800000190734862,0.018200000762939445,0.011440732955932622
0.007767656045442469,0.017472041436479818,0.006964717002945837
0.007731082728276415,0.01757213030079987,0.007759097595124
0.0077002273928698725,0.017677866210038508,0.0085481335729491
0.00766431485185814,0.0177914289571064,0.009317187925169019
0.007641161131515321,0.01792180877301608,0.010075743958181038
0.007599999904632567,0.018000000000000002,0.01080000019073486
0.007599999904632567,0.018200000762939445,0.011440732955932622
0.008564500778006386,0.01755644694698537,0.006939397844659799
0.008532972578231837,0.01763650632891608,0.0077323735614728325
0.008500564146325811,0.017728218315390266,0.00852454692408363
0.008466533060092454,0.017827020383505518,0.009311163516435782
0.008436864414509424,0.017931634589360087,0.010058293808600592
0.00840000057220459,0.018000000000000002,0.01080000019073486
0.00840000057220459,0.018200000762939445,0.011440732955932622
0.00935735694165625,0.01764182354042539,0.006916348969238623
0.009325168309768357,0.017711442122609687,0.007714374892347725
0.009297329714302263,0.017789137009463458,0.008506558027880846
0.009266376044828124,0.017859083213172318,0.009286721562141423
0.009237277714512927,0.017948404686186595,0.010050232976224026
0.009199999809265134,0.018000000000000002,0.01080000019073486
0.009199999809265134,0.018200000762939445,0.011440732955932622
0.01014345383265793,0.017728384734353727,0.0068910572907052246
0.010118612457397784,0.01778499005813464,0.0076888418230791475
0.010088384088086986,0.01784053334559901,0.008483860336659942
0.010059029728369086,0.017895589979165193,0.009267635915521518
0.010033791743953071,0.017960701108885976,0.010036817221871825
0.009999999999999998,0.018000000000000002,0.01080000019073486
0.009999999999999998,0.018200000762939445,0.011440732955932622
0.010931944478906516,0.017817277080983566,0.006867784059441498
0.01090033101158986,0.017854852637628073,0.0076695575117556505
0.010876855166316502,0.017897549013939598,0.00845940971988891
0.010850601579263016,0.017936550876299556,0.009245412130134705
0.010835017106811671,0.017978698194922208,0.010031424295766658
0.01080000019073486,0.018000000000000002,0.01080000019073486
0.01080000019073486,0.018200000762939445,0.011440732955932622
0.01170246258623312,0.01790036891870801,0.006852169198973302
0.011677767377594146,0.017925248909174248,0.007652184112661535
0.011657924340794148,0.017949801138400587,0.008445604281638416
0.01164422562124752,0.017968279232006258,0.009237840531499189
0.011623924154043116,0.01798714365917584,0.010018433060252753
0.011600000381469728,0.018000000000000002,0.01080000019073486
0.011600000381469728,0.018200000762939445,0.011440732955932622
0.012441964594129969,0.017969480555546025,0.006820285255852559
0.012432511728862849,0.017979867685838934,0.007616804149453961
0.01242949720690194,0.01798478012847889,0.008417253822430994
0.01241920720934061,0.01799064000725965,0.009213750999035996
0.012412450733285951,0.017995224910605668,0.010008334466187728
0.01240000057220459,0.018000000000000002,0.01080000019073486
0.01240000057220459,0.018200000762939445,0.011440732955932622
0.013199999809265138,0.018014429092407226,0.0004000000059604645
0.013199999809265138,0.018014429092407226,0.0012000000476837158
0.013199999809265138,0.018014429092407226,0.0019999999999999996
0.013199999809265138,0.018014429092407226,0.0027999999523162836
0.013199999809265138,0.018014429092407226,0.0036000001430511472
0.013199999809265138,0.018014429092407226,0.004400000095367432
0.013199999809265138,0.018014429092407226,0.005200000286102295
0.013199999809265138,0.018014429092407226,0.005999999999999999
0.013784191131591801,0.018214429855346676,0.0004000000059604645
0.013784191131591801,0.018214429855346676,0.0012000000476837158
0.013784191131591801,0.018214429855346676,0.0019999999999999996
0.013784191131591801,0.018214429855346676,0.0027999999523162836
0.013784191131591801,0.018214429855346676,0.0036000001430511472
0.013784191131591801,0.018214429855346676,0.004400000095367432
0.013784191131591801,0.018214429855346676,0.005200000286102295
0.013784191131591801,0.018214429855346676,0.005999999999999999
0.013199999809265138,0.018014429092407226,0.006800000190734862
0.013199999809265138,0.018014429092407226,0.007599999904632567
0.013199999809265138,0.018014429092407226,0.00840000057220459
0.013199999809265138,0.018014429092407226,0.009199999809265134
0.013199999809265138,0.018014429092407226,0.009999999999999998
0.013199999809265138,0.018014429092407226,0.01080000019073486
0.013199999809265138,0.01820721435546875,0.01143371486663818
0.013784191131591801,0.018214429855346676,0.006800000190734862
0.013784191131591801,0.018214429855346676,0.007599999904632567
0.013784191131591801,0.018214429855346676,0.00840000057220459
0.013784191131591801,0.018214429855346676,0.009199999809265134
0.013784191131591801,0.018214429855346676,0.009999999999999998
0.013784191131591801,0.018214429855346676,0.01080000019073486
0.013722794532775879,0.01827628707885742,0.01135113048553467
-0.00895193412057716,0.017795670885628823,-0.006544286274158448
-0.0104146084601041,0.018165692060436344,-0.009834287925008144
-0.008880920909697231,0.017977445069289128,-0.008174368041588612
-0.008990862117004958,0.017595290132501183,-0.00411976838199252
-0.008182014997214751,0.01762434938887798,-0.005739406116298223
-0.007484922670170694,0.017150957598396806,-0.0008352980530319936
-0.0065041487233694515,0.017679493648675666,-0.007407820539727999
-0.005773536809860111,0.017235986640211583,-0.00502339951457111
-0.005071523226739735,0.0167684114541531,-0.0017342582067184258
-0.0024738025604876474,0.017082503323200535,-0.0058926662773995
-0.0066257998881381255,0.0171479054668754,-0.0033405875180154997
-0.0008649694447120402,0.01641491477552044,-0.0026486885804922608
-0.0016077256112994327,0.018312784362668186,-0.011354801426342988
-0.0007754294398069495,0.018169544085439304,-0.010523711251442957
-0.004007725706661672,0.01831278436267083,-0.01135480142633838
-0.006383509308768802,0.018193488795541623,-0.01052661648806955
-0.006559259261831897,0.01744507169287627,-0.005814846595634714
-0.00496679173864953,0.017277353532077478,-0.0058576594824355155
-0.004206972526218218,0.016692500345852183,0.0025464721153176505
-0.007387178828847809,0.017503330592506038,0.005739166006467014
-0.009063882021904234,0.01747048329162198,0.001647820084659504
-0.00799999989216851,0.018476972174887998,0.011128979496160771
-0.011944567568054818,0.01841515339648339,0.011149667783165148
-0.012961303622506548,0.018218644111491017,0.006447613042716523
-0.011514613522181878,0.017995112693590255,0.004044377015618195
-0.007414283128174764,0.017334097122305298,0.004117979173328395
-0.008996561347897582,0.01758042011412609,0.004108898801144626
-0.009764664730762098,0.017821342002197788,0.005700231790699839
-0.0114983758881473,0.01801786508755403,0.004846996194249062
-0.01278511692155956,0.018332298157172924,0.004662778200719969
-0.009047973882276612,0.017439419928328894,-2.0670406892975748e-05
-0.007493967849975781,0.01714364248499102,0.0008064912915449107
-0.006697939384235202,0.0169890889449634,-2.914912810690674e-05
-0.004256760000739029,0.01658271545510161,-9.678698522818975e-06
-0.004174119287888558,0.017015765521716106,0.005006595036980221
-0.0008498176259826443,0.016227739493457228,-5.010889623641211e-05
-0.006646471006417097,0.017069100569287197,0.0025085809611007518
-0.005801263695366255,0.01709944990461481,0.004180052011412953
-0.004939733010755537,0.017374933422409772,0.006627926004257921
-0.0008415416440020129,0.016970593363703924,0.005861652256651953
-0.0023999996793825735,0.018476975537866237,0.011128968342870449
-0.006399999749120909,0.018476973147209003,0.01112897629806853
0.0024000003223863214,0.018476978457246544,0.011128958831246708
-1.1251209174205519e-05,0.01734763130956223,0.007526728591670858
0.004000000465434129,0.018476979429446344,0.011128955633037988
0.006604232948014523,0.017329712793390264,0.004967127713629752
0.0008474429272583527,0.016506862786448,0.0034045920426969013
0.0017080973424045906,0.016434551746272556,0.002570887569184516
0.0034040452495032554,0.016701703843752115,0.003368667466426679
2.392315158856005e-05,0.01622402124540373,0.0008370680565366974
0.0025786601316611117,0.01637095767847584,0.0008238155883286563
0.003415748651988277,0.016526583573534006,0.0017040246789238925
0.009016257501399269,0.01767353697099777,0.004882920396710374
0.007346562029057722,0.01762383935786847,0.006562750722989029
0.008000000584635512,0.01847698182247368,0.01112894776044746
0.008800000536949378,0.018476982345933247,0.011128946038303729
0.011255472605849378,0.018415243165890056,0.0111494274010002
0.004204950270376426,0.01692075561921463,0.004224228058626193
0.0008777783822730613,0.016537396385024647,-0.0034610331821353997
0.0033875155042091504,0.01684852682147448,-0.004248903312063715
0.00896118743615286,0.01782248743909425,-0.006532823467611209
0.006392274505613789,0.018312784362669844,-0.01135480142634283
0.009817232548809899,0.0178655578162224,-0.005716774785976123
0.009893345648309305,0.01769463340736282,-0.0024755686201197932
0.008140436370322893,0.017825434512131297,-0.0073562873983065704
0.00495395183326265,0.01741923781565944,-0.006629740393738782
0.003235559250387502,0.018185317545456797,-0.01053510456330612
-7.725588028966473e-06,0.018312784362670444,-0.011354801426340278
0.0033189704756476763,0.017303455736343756,-0.00667288147522749
0.002476691913724899,0.017449711357552872,-0.00749725001761951
0.0016842536042534196,0.01705993275197522,-0.0058871644604253015
2.4211691768416332e-05,0.01667277449202935,-0.004297447875057214
0.002505380516561917,0.016933074423004506,-0.005114495063650959
0.0008894608295349943,0.016222224747892828,-4.84138529728009e-05
0.0008828124177358002,0.016314698025681338,-0.00178566633344501
0.002560582908188227,0.016529290284556554,-0.0026255441914807953
0.0017241496701616832,0.016296659884195434,-0.0009165521353035942
0.004241919579606112,0.016652344687258114,-0.0017506898197131833
0.005075345097894148,0.01684873170105075,-0.002545850619175191
0.006686561978945994,0.01702595658315278,-0.0008720713234011642
0.004165674995205193,0.017206354808069653,-0.005852718207485275
0.005789514679869482,0.017245441216842874,-0.005028384135267511
0.00908818046042834,0.017489041420232283,-0.0008431786614493984
0.008286205972187202,0.017389190870498387,-0.0024762358776968104
0.010378789027332896,0.018190982021033388,-0.009887342257339718
0.007404601675437204,0.01754607601118524,-0.00576034500161093
0.007362956764979405,0.017650730051972513,-0.006589182269303587
0.008012978095956802,0.0183023749509616,-0.011344408466039908
0.010394258317931268,0.018335037723807655,-0.011324212493431268
0.009678820159196315,0.018085783745556878,-0.009086132956576978
-0.008070336729962515,0.018271916720370235,-0.010102436532082006
0.004011496795465257,0.0184472155364636,-0.010537661001560797
-0.005608121762856084,0.01845210795273968,-0.010533659184151091
0.013156022392206961,0.01849542529167223,0.007200000047683715
